WAYPOINT 6.59227 0.429016 -9.56815 0 1
WAYPOINT 6.9117 0.435275 -58.24 1 2
WAYPOINT 7.49386 0.434814 -104.463 2 3
WAYPOINT 7.86439 0.434865 -141.58 3 4
WAYPOINT 8.11664 0.434889 -168.567 4 5
WAYPOINT 8.019 0.445709 -191.238 5 6
WAYPOINT 6.34823 0.493533 -203.637 6 7
WAYPOINT 4.3635 0.40566 -215.15 7 8
WAYPOINT 1.5741 0.437666 -227.783 8 9
WAYPOINT -21.4655 0.713801 -288.004 9 10
WAYPOINT -31.3469 0.836484 -296.274 10 11
WAYPOINT -41.7681 0.799033 -301.369 11 12
WAYPOINT -65.3361 0.714849 -302.393 12 13
WAYPOINT -75.7864 0.741447 -298.244 13 14
WAYPOINT -85.3038 0.728911 -292.09 14 15
WAYPOINT -96.1909 0.318251 -285.666 15 16
WAYPOINT -111.92 0.880329 -280.996 16 17
WAYPOINT -147.75 0.625553 -289.445 17 18
WAYPOINT -165.177 0.370564 -303.729 18 19
WAYPOINT 0.108934 0.62542 -2.5732 0 1
WAYPOINT -0.0423563 0.500532 -12.4392 1 2
WAYPOINT -0.035638 0.45509 -37.4179 2 3
WAYPOINT 0.162288 0.436006 -61.6188 3 4
WAYPOINT 0.00931685 0.434719 -88.2695 4 5
WAYPOINT -0.147094 0.434763 -112.833 5 6
WAYPOINT 0.330767 0.434901 -142.58 6 7
WAYPOINT 0.777402 0.43486 -169.475 7 8
WAYPOINT 1.08948 0.434878 -190.804 8 9
WAYPOINT -0.442533 0.424366 -219.192 9 10
WAYPOINT -5.57507 0.42857 -248.021 10 11
WAYPOINT -13.7243 0.424891 -275.714 11 12
WAYPOINT -30.652 0.826885 -300.017 12 13
WAYPOINT -55.4063 0.727051 -311.291 13 14
WAYPOINT -77.6739 0.307611 -312.092 14 15
WAYPOINT -106.543 0.434771 -311.49 15 16
WAYPOINT -136.054 0.43461 -311.556 16 17
WAYPOINT -160.068 0.434932 -311.981 17 18
WAYPOINT -178.308 0.434949 -312.309 18 19
WAYPOINT -202.92 0.434951 -312.749 19 20
WAYPOINT -215.345 0.434953 -312.971 20 21
WAYPOINT -229.102 0.434956 -313.215 21 22
